17
19
32
47
53
59
64
67
78
83
84
86
87
89
92
101
113
118
120
122
137
138
146
150
154
156
158
172
184
185
205
210
214
223
236
237
240
241
259
265
276
282
287
288
301
328
330
334
337
346
348
349
350
358
363
372
381
400
403
427
429
439
447
452
470
473
474
481
488
500
513
517
519
528
539
540
542
550
553
557
561
564
567
589
590
594
597
605
610
611
613
617
623
626
637
656
660
665
666
681
686
688
709
713
716
726
728
737
750
763
766
770
779
780
791
793
794
802
807
818
819
821
844
846
867
871
880
899
906
913
915
916
918
925
931
938
942
945
949
955
956
958
976
983
985
992
1000
1005
1010
1013
1017
1029
1032
1039
1043
1047
1059
1070
1076
1077
1078
1081
1093
1095
1098
1103
1128
1129
1135
1153
1162
1182
1197
1202
1217
1218
1227
1230
1232
1236
1239
1242
1259
1264
1266
1268
1275
1282
1284
1288
1293
1299
1309
1312
1318
1334
1335
1354
1358
1360
1373
1383
1394
1401
1407
1412
1415
1416
1427
1430
1431
1433
1435
1436
1451
1453
1459
1464
1487
1497
1511
1522
1550
1551
1555
1558
1565
1588
1600
1602
1606
1621
1625
1628
1647
1663
1664
1666
1677
1688
1721
1722
1780
1782
1799
1802
1808
1809
1811
1824
1836
1840
1844
1846
1860
1867
1871
1897
1910
1916
1917
1937
1946
1949
1966
1986
1989
1996
2000
2005
2017
2021
2022
2031
2037
2043
2046
2057
2072
2074
2084
2085
2088
2096
2102
2120
2128
2140
2152
2153
2159
2162
2168
2170
2176
2180
2184
2194
2195
2198
2210
2217
2219
2220
2241
2242
2248
2259
2263
2264
2278
2286
2289
2292
2295
2297
2310
2323
2325
2328
2334
2347
2351
2354
2361
2363
2366
2367
2371
2376
2384
2418
2420
2441
2443
2449
2450
2464
2468
2480
2488
2494
2498
2505
2511
2534
2538
2558
2598
2600
2607
2611
2615
2616
2621
2628
2630
2638
2643
2647
2651
2653
2654
2662
2673
2674
2684
2701
2710
2719
2736
2739
2741
2756
2762
2764
2773
2776
2777
2785
2796
2800
2827
2831
2843
2860
2861
2872
2875
2887
2890
2892
2897
2908
2911
2926
2932
2952
2963
2968
2969
2974
2985
2988
2990
2995
2998
3000
3005
3011
3031
3032
3037
3040
3049
3051
3056
3067
3069
3070
3079
3087
3095
3114
3118
3120
3128
3133
3136
3137
3141
3156
3160
3162
3170
3187
3194
3199
3204
3208
3212
3227
3241
3289
3299
3301
3304
3306
3307
3314
3316
3325
3340
3353
3358
3360
3369
3380
3382
3387
3403
3405
3414
3416
3417
3430
3438
3459
3465
3468
3469
3474
3481
3483
3487
3495
3499
3500
3508
3513
3521
3533
3540
3543
3557
3559
3570
3571
3573
3577
3591
3597
3600
3621
3623
3639
3642
3644
3645
3652
3657
3661
3667
3678
3686
3693
3699
3710
3711
3725
3731
3748
3753
3758
3765
3790
3804
3812
3814
3822
3826
3830
3832
3834
3860
3861
3875
3882
3889
3898
3900
3911
3912
3923
3933
3934
3955
3956
3957
3965
3967
3970
3977
3978
3995
4003
4014
4028
4036
4039
4045
4048
4056
4057
4058
4076
4089
4091
4093
4106
4117
4120
4134
4135
4136
4143
4145
4150
4152
4161
4164
4176
4181
4183
4199
4207
4216
4222
4226
4227
4231
4242
4243
4247
4248
4251
4268
4279
4283
4296
4312
4313
4329
4331
4355
4357
4359
4361
4375
4383
4396
4398
4400
4406
4421
4422
4426
4427
4430
4436
4441
4449
4469
4473
4478
4489
4491
4492
4495
4516
4524
4534
4535
4550
4551
4558
4562
4569
4592
4600
4603
4606
4610
4614
4624
4629
4632
4633
4637
4643
4648
4656
4657
4662
4664
4674
4682
4685
4689
4696
4698
4699
4700
4715
4726
4727
4733
4743
4766
4767
4788
4791
4810
4811
4813
4816
4818
4838
4865
4869
4870
4881
4885
4886
4890
4898
4907
4911
4924
4931
4936
4946
4947
4955
4962
4968
4970
4985
5001
5009
5011
5023
5035
5036
5037
5046
5047
5053
5072
5076
5081
5088
5090
5092
5097
5103
5123
5133
5145
5148
5149
5150
5155
5157
5159
5162
5177
5180
5189
5193
5195
5209
5213
5230
5243
5255
5268
5279
5290
5292
5300
5301
5311
5323
5326
5329
5341
5342
5349
5351
5358
5361
5363
5373
5375
5377
5383
5384
5388
5394
5397
5398
5412
5434
5449
5454
5468
5474
5478
5481
5482
5485
5495
5505
5511
5512
5514
5519
5520
5528
5536
5539
5562
5563
5566
5572
5580
5586
5587
5588
5594
5599
5609
5621
5628
5633
5647
5649
5650
5656
5662
5665
5674
5676
5690
5695
5697
5702
5708
5724
5734
5735
5739
5745
5758
5760
5766
5798
5804
5810
5815
5820
5829
5837
5853
5859
5862
5863
5865
5867
5871
5879
5886
5915
5928
5936
5940
5951
5962
5964
5969
5975
5981
5988
6028
6047
6049
6056
6068
6073
6075
6083
6085
6088
6091
6093
6122
6142
6157
6170
6171
6172
6177
6194
6203
6204
6206
6210
6211
6217
6222
6224
6227
6233
6244
6255
6258
6271
6284
6286
6300
6306
6327
6330
6372
6375
6385
6395
6397
6410
6411
6419
6423
6433
6443
6446
6459
6464
6465
6468
6472
6481
6482
6485
6486
6487
6500
6507
6512
6521
6523
6534
6538
6541
6548
6555
6559
6560
6561
6569
6575
6579
6581
6591
6592
6593
6605
6636
6640
6641
6648
6652
6656
6663
6666
6668
6702
6705
6711
6722
6727
6728
6742
6747
6756
6788
6799
6803
6807
6817
6828
6840
6847
6851
6853
6865
6877
6879
6884
6897
6902
6904
6913
6925
6933
6936
6942
6950
6958
6966
6967
6968
6971
6972
6992
6994
6995
7002
7003
7005
7012
7027
7034
7038
7041
7042
7048
7053
7056
7059
7063
7087
7090
7095
7102
7108
7109
7112
7118
7128
7130
7135
7136
7139
7149
7156
7159
7169
7170
7186
7188
7192
7194
7266
7276
7309
7314
7335
7350
7351
7352
7386
7389
7394
7399
7409
7417
7420
7423
7424
7428
7433
7444
7446
7457
7465
7469
7470
7480
7489
7505
7520
7528
7529
7535
7539
7542
7543
7544
7562
7565
7576
7580
7603
7608
7619
7620
7633
7642
7652
7666
7684
7698
7700
7702
7707
7726
7732
7733
7734
7737
7749
7757
7769
7776
7777
7794
7798
7813
7830
7844
7847
7854
7858
7864
7883
7884
7888
7900
7921
7922
7928
7929
7936
7941
7946
7958
7960
7975
7976
7984
7986
8005
8014
8015
8028
8040
8063
8068
8074
8086
8104
8113
8115
8144
8160
8166
8170
8171
8178
8180
8189
8198
8201
8210
8215
8222
8227
8233
8235
8239
8244
8250
8255
8257
8264
8275
8282
8292
8298
8302
8306
8307
8313
8318
8320
8327
8339
8342
8349
8353
8367
8377
8402
8403
8408
8409
8414
8415
8416
8421
8423
8425
8427
8441
8445
8454
8457
8476
8477
8480
8482
8490
8494
8497
8503
8507
8520
8522
8534
8544
8545
8549
8554
8558
8562
8565
8566
8571
8572
8578
8604
8611
8613
8622
8626
8639
8656
8658
8687
8690
8696
8698
8700
8705
8711
8712
8733
8767
8769
8777
8786
8789
8810
8818
8828
8831
8835
8842
8855
8859
8863
8873
8875
8881
8882
8883
8886
8913
8918
8922
8946
8947
8952
8957
8960
8967
8968
8973
8975
8978
8982
8985
8986
8988
9010
9017
9027
9045
9051
9083
9086
9091
9107
9115
9120
9136
9139
9145
9146
9148
9151
9160
9168
9174
9185
9193
9209
9214
9219
9221
9227
9228
9239
9245
9272
9278
9280
9293
9315
9317
9326
9351
9361
9364
9374
9390
9394
9396
9402
9405
9416
9423
9428
9436
9442
9456
9464
9466
9468
9471
9478
9479
9481
9490
9496
9504
9505
9516
9518
9520
9522
9525
9543
9547
9562
9567
9597
9610
9623
9628
9665
9678
9680
9681
9696
9710
9713
9720
9723
9724
9729
9737
9744
9745
9748
9749
9751
9755
9760
9769
9805
9806
9808
9811
9815
9823
9828
9848
9849
9853
9855
9856
9857
9858
9863
9864
9866
9870
9872
9873
9885
9904
9908
9910
9915
9920
9924
9933
9935
9944
9958
10001
10012
10027
10033
10037
10045
10064
10068
10078
10079
10081
10082
10087
10104
10108
10115
10130
10136
10138
10154
10160
10163
10166
10167
10181
10195
10200
10204
10208
10210
10212
10221
10235
10237
10244
10249
10258
10266
10269
10274
10287
10298
10300
10307
10308
10311
10317
10325
10332
10339
10347
10349
10352
10357
10370
10374
10377
10388
10392
10408
10414
10415
10429
10433
10449
10453
10455
10456
10462
10464
10474
10479
10480
10488
10491
10505
10509
10559
10573
10578
10592
10593
10604
10613
10622
10623
10626
10636
10639
10642
10643
10646
10655
10657
10660
10665
10669
10670
10689
10691
10695
10702
10728
10729
10732
10733
10738
10741
10749
10751
10753
10760
10763
10772
10773
10793
10803
10809
10812
10823
10828
10829
10830
10839
10848
10849
10855
10887
10896
10902
10913
10923
10924
10941
10961
10968
10978
10996
11001
11002
11008
11021
11034
11040
11042
11061
11066
11070
11078
11092
11096
11107
11114
11125
11132
11138
11160
11165
11174
11176
11188
11202
11209
11227
11231
11247
11248
11258
11262
11267
11278
11279
11281
11288
11305
11328
11363
11377
11390
11397
11404
11412
11415
11427
11442
11450
11464
11471
11476
11477
11481
11483
11487
11502
11511
11516
11517
11521
11524
11539
11541
11544
11569
11573
11577
11604
11611
11615
11616
11620
11622
11640
11669
11674
11680
11686
11710
11711
11720
11727
11740
11748
11753
11759
11761
11766
11769
11781
11796
11805
11820
11822
11835
11841
11842
11844
11866
11880
11892
11894
11896
11916
11920
11922
11923
11924
11932
11940
11942
11943
11950
11966
11981
11982
11984
11985
11986
11988
11991
11992
12014
12036
12065
12069
12070
12072
12085
12087
12108
12119
12133
12135
12136
12137
12156
12164
12165
12166
12175
12183
12189
12190
12191
12209
12213
12227
12233
12238
12242
12252
12253
12255
12258
12261
12263
12267
12269
12276
12282
12304
12306
12307
12318
12338
12352
12358
12366
12381
12386
12390
12396
12400
12410
12415
12424
12425
12434
12453
12461
12463
12474
12476
12479
12480
12482
12483
12484
12486
12493
12501
12503
12507
12516
12529
12530
12535
12552
12561
12570
12577
12582
12591
12592
12593
12606
12611
12620
12629
12633
12641
12643
12645
12657
12659
12663
12672
12683
12690
12709
12720
12723
12759
12772
12774
12778
12782
12786
12802
12804
12813
12815
12818
12819
12823
12826
12829
12846
12849
12859
12865
12868
12879
12882
12884
12894
12897
12904
12905
12909
12916
12929
12934
12938
12942
12944
12956
12971
12980
12999
13001
13002
13004
13006
13007
13011
13015
13016
13019
13025
13042
13044
13051
13053
13058
13063
13083
13085
13087
13092
13118
13119
13142
13144
13151
13158
13160
13172
13173
13178
13179
13181
13184
13187
13188
13197
13212
13215
13226
13235
13245
13255
13256
13259
13262
13263
13267
13269
13274
13275
13288
13320
13322
13340
13343
13349
13351
13354
13361
13362
13364
13379
13384
13398
13404
13446
13454
13458
13473
13481
13499
13502
13509
13516
13548
13555
13570
13591
13595
13596
13602
13608
13615
13616
13628
13634
13636
13655
13657
13673
13689
13693
13707
13709
13713
13721
13726
13727
13733
13734
13738
13744
13748
13750
13755
13762
13779
13781
13802
13822
13827
13833
13840
13844
13847
13868
13871
13880
13881
13894
13899
13911
13927
13932
13942
13953
13954
13973
13988
13989
13997
13999
14002
14003
14013
14016
14017
14020
14029
14032
14038
14043
14044
14056
14058
14060
14068
14073
14097
14112
14125
14127
14151
14160
14162
14163
14168
14170
14175
14176
14187
14198
14203
14207
14218
14226
14227
14233
14240
14251
14257
14264
14270
14282
14285
14308
14326
14332
14334
14339
14340
14352
14354
14365
14369
14371
14372
14382
14387
14402
14407
14412
14418
14419
14420
14424
14425
14457
14460
14472
14474
14482
14497
14501
14505
14506
14509
14523
14528
14531
14537
14546
14555
14556
14587
14606
14609
14629
14636
14649
14655
14689
14698
14709
14713
14722
14763
14766
14768
14778
14786
14787
14790
14796
14797
14802
14814
14820
14827
14830
14838
14840
14856
14882
14883
14900
14904
14906
14910
14911
14912
14921
14929
14931
14940
14953
14957
14968
14972
14975
14976
14989
15004
15012
15023
15037
15049
15060
15064
15073
15078
15080
15084
15086
15111
15126
15130
15141
15143
15178
15182
15190
15194
15199
15206
15212
15219
15226
15227
15230
15238
15240
15257
15265
15279
15290
15292
15303
15313
15320
15324
15326
15335
15340
15360
15367
15370
15392
15394
15398
15400
15402
15403
15405
15409
15417
15424
15429
15450
15457
15466
15472
15474
15487
15492
15500
15510
15516
15520
15527
15530
15533
15534
15537
15548
15563
15566
15569
15571
15581
15582
15594
15612
15618
15623
15645
15651
15655
15658
15665
15671
15721
15724
15726
15729
15734
15742
15748
15750
15763
15766
15775
15780
15785
15799
15803
15814
15817
15830
15832
15839
15846
15864
15871
15873
15878
15889
15901
15906
15909
15911
15919
15925
15941
15954
15958
15962
15976
15985
16006
16008
16010
16016
16033
16034
16036
16041
16062
16065
16067
16070
16078
16086
16092
16095
16099
16115
16117
16118
16122
16143
16145
16148
16155
16161
16165
16173
16176
16190
16205
16208
16227
16231
16235
16247
16251
16265
16291
16298
16299
16304
16306
16309
16314
16315
16335
16336
16353
16363
16373
16382
16387
16388
16389
16398
16406
16412
16413
16417
16424
16441
16442
16454
16459
16465
16489
16496
16509
16513
16527
16533
16537
16540
16549
16558
16567
16568
16574
16580
16585
16597
16608
16617
16618
16628
16644
16670
16671
16672
16680
16691
16704
16705
16715
16719
16728
16729
16749
16762
16770
16772
16776
16784
16791
16792
16796
16799
16804
16806
16807
16817
16818
16820
16832
16833
16850
16866
16870
16872
16875
16876
16880
16882
16883
16887
16891
16906
16918
16920
16933
16938
16947
16949
16954
16955
16958
16961
16972
16973
16981
16983
16986
16996
16999
17004
17007
17012
17025
17027
17034
17040
17041
17046
17048
17049
17060
17080
17081
17090
17099
17108
17109
17110
17124
17125
17135
17162
17167
17181
17182
17191
17195
17196
17205
17208
17211
17234
17246
17253
17265
17270
17271
17276
17285
17289
17290
17296
17297
17299
17304
17305
17335
17342
17361
17362
17379
17393
17400
17403
17408
17414
17424
17431
17432
17437
17451
17452
17454
17460
17481
17482
17488
17502
17516
17528
17534
17542
17555
17562
17563
17572
17573
17575
17579
17611
17628
17635
17643
17645
17660
17663
17669
17681
17706
17712
17726
17733
17735
17745
17761
17779
17781
17787
17790
17809
17810
17819
17825
17828
17832
17839
17841
17842
17844
17855
17898
17915
17922
17935
17940
17944
17950
17953
17955
17969
17972
17980
17981
17993
17995
17998
18010
18016
18027
18031
18033
18037
18043
18065
18068
18069
18078
18091
18092
18096
18105
18110
18124
18142
18148
18163
18166
18184
18190
18201
18203
18204
18207
18211
18229
18233
18235
18237
18239
18240
18248
18256
18260
18262
18268
18273
18274
18279
18280
18282
18298
18302
18307
18319
18334
18339
18360
18391
18403
18409
18413
18420
18422
18423
18426
18427
18431
18437
18444
18453
18459
18471
18475
18476
18491
18503
18524
18532
18545
18549
18554
18579
18582
18585
18595
18596
18606
18616
18624
18631
18632
18637
18644
18646
18657
18660
18669
18671
18672
18674
18681
18686
18693
18694
18697
18703
18723
18728
18736
18750
18751
18760
18778
18780
18801
18811
18816
18837
18849
18859
18865
18872
18874
18878
18884
18887
18895
18904
18907
18921
18922
18924
18926
18931
18942
18945
18946
18973
18974
18986
18994
19002
19005
19025
19033
19035
19039
19046
19052
19059
19060
19063
19080
19081
19106
19117
19134
19145
19146
19147
19149
19155
19160
19169
19175
19176
19178
19182
19187
19190
19192
19210
19212
19217
19219
19223
19229
19230
19233
19256
19257
19262
19284
19290
19294
19301
19315
19340
19343
19351
19354
19356
19368
19370
19375
19377
19380
19382
19394
19408
19415
19441
19444
19452
19458
19461
19469
19490
19508
19514
19516
19519
19522
19529
19533
19542
19593
19599
19609
19616
19622
19634
19635
19639
19643
19666
19674
19687
19698
19701
19708
19717
19732
19733
19742
19744
19751
19761
19764
19771
19772
19773
19774
19786
19812
19823
19828
19834
19845
19847
19848
19859
19864
19880
19887
19891
19904
19907
19911
19914
19916
19923
19928
19941
19949
19952
19953
19957
19959
19966
19971
19980
20004
20011
20014
20021
20030
20031
20034
20038
20049
20053
20056
20080
20083
20092
20095
20110
20116
20126
20130
20152
20160
20162
20163
20166
20173
20176
20178
20185
20190
20195
20201
20205
20214
20216
20238
20244
20245
20251
20259
20260
20263
20277
20301
20303
20304
20308
20312
20332
20338
20367
20369
20373
20374
20379
20386
20388
20389
20391
20404
20411
20412
20414
20418
20437
20439
20440
20441
20443
20449
20451
20455
20465
20469
20471
20479
20485
20495
20505
20510
20536
20542
20549
20550
20554
20563
20571
20574
20575
20586
20594
20601
20611
20612
20614
20638
20640
20647
20658
20668
20673
20685
20689
20692
20696
20707
20712
20714
20717
20730
20735
20737
20744
20750
20751
20754
20766
20770
20775
20779
20781
20789
20792
20793
20803
20811
20812
20820
20831
20832
20857
20863
20867
20871
20894
20899
20904
20920
20937
20940
20949
20957
20958
20960
20963
20973
20978
20981
20990
20999
21005
21021
21025
21033
21036
21040
21050
21057
21059
21060
21061
21069
21072
21074
21075
21083
21087
21091
21095
21100
21102
21103
21107
21109
21115
21116
21133
21147
21150
21152
21154
21158
21181
21188
21191
21206
21225
21228
21231
21239
21240
21244
21249
21250
21261
21265
21275
21280
21282
21288
21289
21294
21295
21305
21307
21312
21326
21329
21341
21346
21347
21360
21365
21375
21376
21380
21384
21389
21390
21391
21396
21398
21410
21414
21415
21417
21420
21421
21439
21454
21456
21461
21481
21483
21484
21487
21525
21537
21543
21547
21574
21577
21583
21588
21589
21600
21601
21604
21623
21632
21633
21637
21669
21672
21682
21706
21711
21714
21715
21722
21728
21743
21755
21758
21765
21766
21767
21768
21772
21783
21790
21796
21805
21815
21816
21817
21826
21827
21830
21837
21838
21844
21871
21880
21885
21889
21898
21902
21909
21910
21915
21936
21945
21949
21955
21956
21969
21970
21977
21980
21986
21991
21995
21999
22001
22005
22007
22014
22017
22018
22022
22023
22026
22037
22038
22052
22056
22060
22063
22066
22075
22080
22084
22096
22097
22098
22100
22105
22111
22117
22126
22128
22141
22143
22145
22156
22171
22174
22175
22181
22184
22191
22195
22199
22203
22209
22222
22226
22228
22242
22249
22261
22267
22276
22278
22285
22291
22310
22311
22313
22314
22325
22333
22341
22348
22350
22355
22364
22372
22380
22384
22398
22400
22408
22418
22420
22439
22440
22441
22454
22461
22468
22480
22494
22540
22541
22546
22549
22550
22552
22569
22574
22581
22598
22605
22607
22627
22639
22649
22652
22660
22683
22689
22695
22706
22710
22712
22716
22724
22727
22735
22736
22753
22754
22759
22761
22762
22763
22769
22777
22779
22782
22788
22796
22801
22802
22807
22814
22818
22819
22823
22828
22830
22843
22846
22847
22860
22872
22874
22877
22882
22883
22889
22891
22893
22915
22923
22933
22943
22947
22957
22959
22960
22965
22973
22977
22980
22984
22999
23001
23009
23037
23040
23061
23068
23071
23091
23094
23095
23103
23110
23122
23123
23127
23142
23149
23162
23164
23169
23182
23199
23203
23206
23211
23218
23220
23223
23228
23234
23241
23246
23247
23253
23258
23259
23272
23275
23276
23277
23295
23302
23305
23320
23323
23329
23336
23355
23364
23366
23373
23401
23404
23413
23422
23432
23435
23455
23479
23481
23488
23491
23499
23501
23507
23508
23517
23520
23522
23524
23529
23543
23550
23555
23572
23581
23583
23594
23595
23596
23598
23603
23612
23634
23636
23639
23640
23644
23645
23666
23678
23682
23694
23698
23710
23730
23736
23739
23746
23748
23753
23757
23766
23772
23774
23775
23779
23796
23800
23804
23805
23806
23811
23821
23824
23827
23830
23833
23840
23843
23845
23855
23858
23864
23868
23871
23873
23882
23885
23896
23897
23899
23902
23904
23917
23924
23942
23945
23946
23956
23971
23975
23979
23989
23994
24010
24017
24032
24042
24043
24053
24065
24073
24085
24091
24100
24102
24106
24126
24145
24146
24147
24148
24150
24156
24169
24182
24193
24195
24197
24202
24221
24233
24239
24241
24245
24253
24257
24266
24272
24274
24285
24291
24301
24307
24325
24345
24347
24351
24352
24358
24370
24373
24394
24403
24421
24439
24449
24465
24477
24503
24512
24514
24522
24526
24533
24535
24541
24542
24549
24560
24566
24594
24608
24611
24616
24622
24629
24630
24632
24636
24656
24658
24687
24705
24709
24715
24721
24724
24736
24738
24742
24754
24766
24771
24787
24796
24799
24817
24820
24833
24835
24848
24851
24861
24862
24868
24902
24924
24933
24940
24942
24944
24951
24953
24968
24996
25002
25012
25017
25029
25032
25036
25058
25087
25113
25120
25127
25138
25141
25149
25151
25154
25164
25167
25174
25183
25188
25207
25210
25218
25219
25232
25234
25264
25280
25292
25306
25316
25321
25326
25341
25343
25344
25351
25355
25375
25376
25387
25388
25391
25395
25404
25407
25414
25415
25416
25421
25424
25428
25457
25469
25473
25481
25487
25507
25510
25522
25532
25540
25547
25567
25569
25576
25585
25596
25599
25611
25618
25620
25634
25636
25652
25654
25655
25656
25662
25663
25672
25677
25689
25691
25706
25707
25710
25712
25716
25724
25725
25727
25732
25746
25758
25763
25765
25767
25778
25792
25796
25803
25804
25822
25862
25865
25870
25874
25886
25891
25893
25903
25907
25911
25922
25929
25940
25946
25947
25951
25957
25958
25963
25981
25986
25993
25994
25995
26012
26025
26039
26041
26043
26047
26051
26065
26079
26083
26088
26089
26093
26095
26097
26127
26137
26138
26151
26154
26157
26167
26179
26196
26197
26199
26202
26208
26215
26218
26231
26238
26242
26249
26257
26264
26275
26291
26314
26318
26327
26329
26335
26341
26359
26362
26378
26383
26384
26385
26386
26399
26411
26423
26430
26432
26436
26440
26446
26452
26466
26468
26469
26471
26476
26508
26510
26516
26518
26521
26523
26536
26541
26552
26557
26570
26573
26576
26578
26585
26588
26593
26594
26631
26634
26635
26654
26658
26662
26676
26682
26684
26687
26693
26722
26730
26738
26742
26755
26759
26765
26766
26773
26779
26785
26795
26809
26815
26817
26827
26829
26834
26836
26844
26852
26861
26885
26886
26890
26905
26908
26922
26927
26937
26944
26950
26953
26959
26963
26975
26978
26981
26985
26988
26991
27016
27018
27022
27023
27031
27055
27059
27062
27064
27082
27109
27112
27116
27117
27125
27136
27140
27141
27145
27159
27164
27173
27174
27176
27178
27184
27189
27192
27195
27197
27203
27214
27230
27251
27254
27271
27276
27280
27288
27290
27353
27365
27394
27399
27415
27419
27442
27444
27453
27465
27472
27482
27496
27511
27512
27516
27525
27526
27531
27540
27541
27542
27543
27553
27557
27562
27569
27571
27580
27581
27611
27616
27621
27623
27624
27625
27638
27652
27713
27717
27727
27730
27732
27738
27750
27753
27758
27763
27765
27771
27783
27797
27800
27812
27821
27824
27834
27853
27875
27878
27888
27890
27902
27909
27917
27920
27933
27945
27954
27976
27982
27996
28003
28005
28015
28021
28029
28030
28051
28056
28058
28066
28090
28097
28098
28104
28122
28131
28138
28146
28154
28157
28161
28165
28166
28175
28188
28191
28197
28204
28207
28216
28220
28225
28227
28229
28243
28249
28253
28261
28269
28270
28273
28280
28298
28303
28312
28321
28327
28348
28351
28357
28399
28402
28404
28413
28417
28440
28448
28456
28464
28467
28472
28489
28520
28522
28528
28543
28551
28557
28581
28586
28587
28596
28598
28604
28618
28620
28628
28629
28637
28655
28658
28659
28690
28695
28697
28707
28719
28724
28730
28746
28751
28759
28763
28777
28778
28785
28787
28791
28810
28819
28820
28835
28848
28850
28852
28853
28870
28880
28886
28888
28906
28924
28930
28931
28934
28939
28940
28942
28948
28949
28950
28951
28964
28966
28968
28971
28973
28974
28980
28982
28983
28992
28993
29004
29005
29006
29029
29035
29047
29051
29068
29076
29077
29080
29087
29088
29095
29099
29107
29108
29109
29112
29114
29119
29127
29131
29140
29149
29162
29176
29178
29194
29195
29211
29226
29229
29230
29256
29265
29270
29271
29290
29295
29296
29301
29309
29310
29311
29314
29316
29329
29348
29361
29372
29380
29389
29391
29392
29393
29403
29412
29414
29424
29435
29447
29458
29459
29475
29484
29485
29489
29501
29506
29507
29524
29533
29535
29538
29547
29551
29555
29569
29578
29580
29589
29594
29599
29621
29622
29626
29629
29642
29643
29647
29648
29658
29685
29691
29695
29704
29710
29723
29727
29731
29740
29746
29756
29759
29773
29776
29780
29791
29796
29797
29813
29814
29822
29835
29837
29861
29870
29879
29881
29884
29890
29896
29901
29903
29907
29910
29919
29923
29934
29940
29947
29949
29959
29967
29977
29981
29986
30007
30011
30012
30027
30028
30030
30031
30033
30040
30057
30062
30082
30085
30092
30096
30098
30101
30108
30115
30133
30149
30161
30164
30165
30171
30173
30174
30180
30187
30188
30196
30200
30201
30202
30204
30209
30251
30261
30265
30266
30270
30287
30289
30291
30292
30302
30308
30325
30327
30330
30338
30342
30346
30354
30360
30366
30377
30397
30399
30407
30411
30419
30424
30425
30445
30450
30452
30459
30461
30464
30476
30477
30495
30502
30512
30524
30525
30530
30532
30541
30545
30553
30564
30567
30569
30578
30579
30592
30595
30597
30601
30603
30605
30606
30614
30620
30631
30634
30638
30651
30652
30653
30667
30677
30679
30680
30682
30685
30687
30692
30697
30699
30711
30714
30728
30732
30740
30752
30763
30764
30765
30769
30770
30775
30784
30786
30802
30809
30816
30817
30820
30822
30823
30831
30871
30879
30881
30887
30899
30902
30915
30939
30942
30980
30986
30991
30995
31001
31012
31013
31014
31016
31017
31020
31024
31025
31027
31032
31040
31056
31066
31084
31088
31101
31107
31109
31139
31146
31147
31150
31161
31162
31171
31181
31186
31210
31220
31221
31225
31230
31235
31242
31243
31246
31255
31258
31265
31275
31285
31326
31337
31343
31354
31375
31380
31398
31401
31410
31413
31419
31457
31480
31511
31522
31532
31538
31541
31551
31553
31556
31557
31558
31568
31570
31577
31588
31591
31602
31606
31612
31636
31638
31647
31651
31654
31655
31662
31668
31675
31677
31681
31698
31703
31728
31753
31762
31765
31770
31777
31786
31789
31796
31804
31812
31825
31839
31849
31858
31875
31876
31888
31889
31901
31908
31919
31924
31925
31931
31938
31941
31951
31978
31991
31993
32002
32007
32012
32026
32032
32034
32044
32045
32048
32057
32062
32070
32074
32080
32084
32091
32094
32096
32098
32104
32111
32119
32120
32126
32129
32130
32137
32138
32145
32148
32161
32164
32166
32168
32170
32175
32192
32198
32201
32202
32211
32216
32223
32227
32243
32249
32267
32269
32276
32281
32289
32295
32312
32328
32338
32340
32343
32363
32370
32390
32392
32395
32401
32403
32410
32420
32424
32425
32444
32453
32455
32464
32471
32486
32517
32520
32521
32524
32528
32541
32563
32577
32584
32594
32595
32600
32609
32617
32618
32642
32650
32658
32659
32661
32665
32670
32674
32689
32705
32708
32710
32713
32737
32745
32752
32756
32764
32770
32785
32789
32821
32841
32842
32857
32860
32872
32874
32882
32883
32884
32895
32905
32911
32912
32915
32916
32917
32918
32928
32929
32932
32941
32953
32965
32968
32970
32971
32974
32975
32977
32998
33005
33010
33027
33033
33039
33041
33048
33062
33070
33078
33080
33088
33097
33102
33112
33119
33121
33125
33128
33137
33139
33142
33146
33153
33157
33158
33163
33164
33169
33170
33172
33178
33200
33201
33205
33208
33221
33234
33242
33262
33264
33265
33267
33268
33278
33280
33284
33305
33313
33318
33333
33342
33345
33346
33347
33349
33352
33356
33373
33377
33389
33390
33409
33424
33430
33431
33435
33442
33443
33444
33461
33478
33482
33484
33488
33499
33509
33510
33514
33527
33534
33545
33554
33582
33583
33584
33589
33593
33595
33596
33600
33605
33612
33614
33615
33616
33628
33631
33643
33648
33651
33658
33670
33671
33673
33689
33703
33706
33715
33729
33731
33738
33741
33762
33766
33773
33776
33784
33792
33797
33806
33810
33819
33822
33830
33835
33836
33845
33869
33878
33892
33895
33900
33901
33906
33926
33932
33938
33939
33942
33957
33970
34001
34016
34031
34033
34044
34050
34051
34054
34064
34070
34076
34081
34088
34101
34106
34111
34125
34126
34135
34150
34153
34157
34159
34163
34170
34174
34186
34191
34198
34203
34207
34208
34214
34243
34256
34264
34265
34291
34293
34333
34358
34366
34372
34388
34389
34394
34396
34397
34398
34401
34426
34430
34432
34437
34459
34463
34466
34467
34468
34471
34472
34477
34478
34493
34494
34503
34511
34527
34548
34549
34563
34564
34565
34571
34584
34588
34606
34634
34641
34645
34647
34660
34671
34674
34680
34681
34709
34719
34720
34722
34723
34731
34736
34742
34754
34769
34771
34775
34781
34786
34787
34799
34804
34819
34832
34835
34840
34864
34876
34893
34906
34918
34922
34926
34937
34939
34941
34949
34951
34962
34967
34976
34979
34980
34990
35002
35016
35020
35029
35035
35038
35044
35048
35056
35059
35061
35065
35079
35088
35113
35120
35122
35129
35141
35152
35154
35160
35165
35167
35177
35179
35190
35197
35199
35202
35205
35206
35209
35212
35215
35222
35228
35248
35253
35259
35263
35266
35298
35300
35305
35306
35315
35319
35327
35331
35342
35351
35353
35357
35365
35368
35374
35384
35392
35400
35401
35408
35409
35412
35414
35416
35422
35423
35425
35442
35445
35453
35461
35464
35479
35480
35484
35488
35494
35496
35505
35514
35522
35524
35526
35529
35534
35540
35550
35564
35566
35572
35575
35598
35608
35620
35622
35630
35632
35642
35651
35654
35658
35670
35671
35676
35692
35707
35752
35758
35759
35767
35777
35783
35787
35795
35796
35801
35804
35806
35811
35815
35819
35835
35837
35838
35857
35865
35869
35871
35878
35889
35901
35911
35918
35931
35934
35950
35955
35962
35969
35970
35971
35981
35983
35990
36007
36014
36016
36019
36034
36042
36063
36064
36071
36083
36103
36115
36125
36127
36133
36135
36139
36144
36148
36149
36153
36176
36188
36194
36214
36224
36229
36230
36243
36260
36268
36271
36279
36280
36301
36306
36322
36324
36327
36330
36337
36342
36350
36353
36358
36377
36390
36391
36393
36396
36399
36401
36404
36415
36424
36426
36428
36429
36430
36446
36457
36459
36469
36475
36480
36481
36482
36483
36494
36508
36522
36525
36527
36533
36544
36552
36559
36565
36567
36585
36589
36592
36598
36601
36602
36618
36619
36633
36637
36650
36659
36674
36678
36687
36703
36705
36725
36735
36738
36748
36762
36763
36764
36771
36780
36785
36813
36826
36831
36845
36849
36850
36895
36902
36913
36915
36916
36920
36929
36937
36964
36966
36973
36974
36975
36982
36987
36991
36995
37013
37014
37019
37027
37031
37034
37037
37051
37067
37068
37071
37077
37085
37098
37103
37107
37108
37109
37110
37115
37119
37126
37127
37129
37148
37153
37154
37156
37164
37178
37194
37195
37206
37222
37229
37230
37238
37252
37259
37268
37273
37276
37281
37291
37294
37298
37304
37311
37317
37323
37332
37338
37353
37368
37382
37386
37402
37418
37434
37438
37443
37452
37467
37470
37472
37473
37495
37497
37502
37542
37545
37558
37577
37590
37593
37596
37607
37608
37610
37612
37631
37637
37646
37650
37652
37654
37657
37673
37687
37706
37708
37709
37714
37716
37725
37734
37745
37755
37757
37763
37771
37772
37778
37781
37787
37791
37794
37810
37814
37825
37826
37833
37843
37864
37868
37874
37876
37889
37892
37913
37928
37929
37930
37937
37950
37956
37960
37965
37969
37974
37982
37989
37996
38016
38032
38036
38046
38062
38065
38071
38074
38083
38088
38099
38102
38106
38110
38119
38120
38121
38124
38128
38130
38143
38153
38163
38184
38187
38188
38194
38205
38209
38212
38215
38217
38220
38227
38237
38238
38241
38242
38260
38265
38267
38279
38291
38295
38299
38301
38302
38306
38315
38327
38337
38346
38347
38357
38360
38367
38369
38371
38379
38388
38399
38400
38414
38426
38427
38437
38445
38451
38465
38467
38470
38479
38481
38483
38484
38502
38503
38508
38521
38525
38527
38533
38552
38605
38608
38614
38622
38624
38629
38631
38635
38639
38641
38642
38643
38647
38655
38658
38665
38671
38672
38674
38680
38689
38690
38721
38732
38741
38744
38752
38768
38771
38779
38789
38793
38800
38804
38805
38812
38813
38820
38825
38826
38830
38837
38838
38866
38874
38895
38902
38915
38919
38921
38934
38947
38953
38970
38971
38978
38983
38992
39011
39012
39015
39023
39032
39052
39057
39078
39089
39095
39097
39109
39110
39118
39120
39134
39180
39186
39191
39201
39207
39222
39240
39242
39252
39255
39257
39260
39261
39280
39283
39287
39289
39290
39295
39303
39305
39313
39315
39319
39325
39345
39348
39349
39353
39364
39366
39383
39387
39388
39393
39404
39407
39422
39429
39432
39434
39445
39449
39459
39465
39470
39473
39474
39484
39495
39497
39499
39514
39516
39523
39526
39534
39547
39551
39553
39568
39580
39586
39619
39622
39628
39632
39634
39638
39653
39656
39657
39658
39666
39676
39689
39695
39696
39700
39704
39705
39732
39737
39739
39746
39753
39759
39763
39764
39769
39772
39775
39781
39783
39786
39790
39799
39802
39811
39812
39817
39843
39846
39850
39862
39865
39867
39872
39877
39889
39915
39924
39927
39963
39967
39976
39980
39983
39989
40015
40016
40022
40024
40033
40034
40040
40042
40050
40051
40068
40087
40104
40106
40120
40140
40141
40142
40151
40157
40160
40162
40167
40169
40180
40189
40196
40219
40232
40236
40238
40239
40249
40254
40258
40266
40270
40276
40290
40294
40295
40314
40317
40319
40320
40323
40332
40335
40359
40369
40386
40393
40400
40401
40402
40403
40411
40418
40424
40431
40446
40462
40465
40475
40481
40490
40498
40500
40503
40510
40512
40537
40546
40550
40576
40586
40596
40610
40615
40622
40628
40632
40634
40635
40641
40645
40658
40659
40676
40677
40678
40702
40707
40715
40721
40723
40724
40726
40732
40741
40753
40762
40763
40766
40773
40775
40778
40779
40787
40799
40813
40842
40850
40852
40859
40862
40877
40879
40898
40918
40932
40938
40942
40943
40945
40946
40962
40969
40978
40982
41008
41018
41019
41020
41025
41028
41045
41064
41085
41089
41110
41125
41132
41139
41143
41152
41153
41156
41158
41162
41173
41174
41183
41188
41189
41203
41210
41227
41233
41241
41242
41259
41279
41291
41298
41317
41319
41331
41349
41359
41366
41372
41375
41376
41378
41388
41396
41397
41401
41402
41405
41408
41415
41437
41438
41444
41447
41450
41466
41469
41476
41484
41487
41488
41494
41496
41497
41511
41517
41535
41540
41542
41547
41548
41578
41580
41593
41602
41610
41612
41630
41634
41674
41675
41703
41715
41720
41723
41731
41732
41734
41735
41737
41741
41744
41747
41761
41763
41789
41807
41832
41833
41846
41848
41853
41855
41865
41885
41888
41890
41893
41901
41902
41922
41925
41930
41933
41934
41941
41945
41946
41949
41956
41970
41974
41980
41993
42001
42008
42019
42020
42023
42024
42026
42030
42047
42056
42058
42061
42062
42064
42066
42069
42075
42080
42098
42100
42112
42114
42138
42164
42166
42185
42201
42207
42213
42216
42230
42236
42257
42264
42273
42278
42282
42289
42303
42323
42327
42328
42334
42341
42342
42344
42345
42348
42351
42353
42356
42360
42366
42369
42374
42382
42384
42388
42394
42395
42397
42405
42410
42421
42433
42447
42471
42479
42487
42493
42496
42498
42500
42507
42513
42515
42518
42524
42538
42540
42541
42545
42562
42566
42568
42571
42578
42579
42590
42591
42648
42662
42665
42675
42687
42690
42706
42713
42724
42727
42744
42745
42749
42756
42762
42767
42769
42772
42773
42774
42783
42785
42786
42799
42815
42825
42831
42841
42843
42861
42862
42865
42872
42906
42908
42911
42912
42915
42916
42926
42937
42954
42967
42971
42974
42977
42979
42983
43009
43026
43028
43050
43054
43057
43074
43077
43091
43092
43097
43100
43103
43105
43115
43123
43130
43139
43150
43163
43166
43177
43178
43186
43193
43221
43223
43233
43238
43257
43258
43263
43265
43278
43282
43297
43299
43319
43326
43341
43346
43357
43368
43374
43411
43413
43418
43426
43430
43431
43433
43438
43440
43441
43443
43455
43456
43473
43476
43477
43481
43487
43491
43495
43498
43499
43503
43529
43544
43549
43552
43554
43564
43568
43572
43573
43582
43587
43590
43600
43602
43603
43606
43611
43649
43655
43662
43665
43667
43680
43692
43697
43699
43703
43712
43718
43719
43721
43728
43734
43742
43749
43756
43764
43789
43793
43794
43796
43806
43807
43815
43820
43827
43829
43834
43849
43861
43870
43878
43886
43897
43907
43911
43915
43926
43927
43931
43943
43945
43949
43962
43968
43971
43979
43983
43990
43993
44004
44010
44014
44022
44026
44030
44039
44049
44069
44070
44093
44102
44107
44117
44122
44129
44149
44176
44184
44198
44199
44203
44208
44214
44221
44223
44229
44234
44239
44247
44250
44257
44260
44268
44273
44277
44288
44289
44292
44294
44304
44307
44312
44321
44322
44353
44360
44363
44391
44392
44400
44411
44413
44421
44448
44451
44456
44458
44462
44469
44470
44472
44477
44478
44479
44481
44494
44505
44510
44512
44519
44524
44527
44532
44538
44540
44543
44544
44546
44550
44556
44560
44562
44566
44572
44578
44581
44584
44585
44593
44594
44595
44600
44608
44614
44622
44625
44638
44645
44646
44663
44664
44669
44692
44696
44728
44730
44734
44756
44760
44764
44767
44774
44775
44776
44779
44780
44781
44787
44789
44791
44800
44803
44808
44809
44822
44833
44836
44841
44851
44881
44883
44893
44898
44911
44918
44926
44930
44932
44938
44939
44947
44955
44959
44961
44963
44969
44984
44995
44996
45004
45015
45016
45017
45021
45037
45039
45052
45057
45063
45067
45070
45071
45076
45080
45082
45085
45091
45097
45108
45125
45127
45131
45139
45143
45149
45150
45161
45176
45179
45194
45198
45202
45206
45209
45213
45218
45219
45229
45230
45240
45257
45258
45264
45272
45276
45284
45291
45317
45319
45324
45355
45358
45369
45382
45391
45395
45403
45425
45428
45440
45475
45487
45488
45508
45510
45518
45520
45521
45531
45534
45547
45548
45561
45563
45565
45569
45570
45572
45573
45579
45586
45602
45616
45621
45627
45634
45640
45643
45653
45655
45668
45677
45699
45702
45705
45709
45715
45720
45724
45727
45746
45750
45759
45760
45762
45763
45764
45767
45776
45787
45800
45809
45811
45819
45845
45856
45857
45865
45869
45879
45895
45896
45898
45908
45916
45918
45929
45932
45936
45941
45943
45948
45950
45957
45972
45976
45977
45994
45996
45998
45999
46001
46004
46006
46017
46020
46026
46034
46048
46049
46053
46056
46060
46063
46070
46074
46076
46078
46082
46087
46090
46098
46104
46113
46120
46126
46130
46135
46139
46148
46152
46155
46172
46180
46189
46198
46199
46217
46223
46234
46238
46244
46251
46263
46264
46274
46284
46287
46291
46298
46324
46331
46335
46345
46348
46349
46360
46366
46368
46374
46376
46377
46380
46403
46419
46420
46424
46427
46434
46443
46445
46450
46453
46455
46457
46466
46472
46481
46487
46489
46504
46508
46516
46521
46525
46527
46528
46555
46559
46580
46591
46610
46614
46618
46634
46654
46669
46673
46674
46678
46688
46692
46703
46707
46739
46742
46743
46758
46761
46765
46767
46772
46773
46776
46777
46779
46782
46790
46801
46802
46804
46826
46835
46836
46849
46852
46855
46869
46880
46881
46892
46893
46894
46903
46904
46916
46920
46925
46933
46935
46937
46940
46953
46955
46958
46960
46964
46996
47022
47031
47041
47042
47052
47053
47067
47069
47073
47077
47089
47090
47094
47116
47117
47126
47135
47154
47161
47173
47174
47175
47177
47181
47189
47203
47206
47207
47211
47213
47228
47230
47239
47257
47265
47278
47279
47290
47293
47303
47306
47307
47309
47316
47323
47329
47330
47333
47338
47343
47350
47361
47383
47389
47402
47405
47406
47412
47424
47425
47428
47436
47440
47447
47454
47455
47459
47467
47469
47496
47500
47503
47504
47514
47519
47521
47523
47532
47540
47546
47550
47555
47557
47561
47562
47579
47587
47600
47626
47628
47634
47635
47652
47653
47665
47714
47715
47725
47757
47758
47767
47773
47781
47786
47794
47795
47798
47800
47803
47807
47815
47818
47823
47824
47830
47831
47835
47842
47852
47860
47863
47867
47870
47901
47903
47907
47909
47910
47924
47925
47928
47929
47937
47947
47949
47996
48008
48014
48016
48025
48044
48048
48075
48083
48085
48091
48093
48095
48099
48112
48116
48130
48134
48137
48138
48143
48144
48147
48149
48160
48164
48171
48174
48178
48180
48183
48187
48196
48202
48212
48227
48241
48248
48257
48281
48291
48293
48295
48300
48305
48310
48312
48328
48332
48343
48371
48372
48383
48386
48406
48408
48411
48413
48416
48419
48423
48427
48449
48451
48454
48471
48473
48492
48493
48497
48500
48533
48534
48548
48550
48564
48565
48577
48591
48602
48617
48620
48630
48633
48641
48652
48673
48675
48677
48687
48707
48708
48715
48719
48727
48734
48742
48743
48744
48758
48762
48765
48769
48772
48784
48785
48786
48796
48852
48854
48856
48857
48870
48871
48885
48891
48914
48915
48923
48932
48935
48937
48941
48947
48948
48966
48984
48989
49000
49005
49006
49008
49010
49015
49019
49039
49042
49044
49050
49077
49084
49104
49121
49127
49129
49139
49153
49156
49159
49164
49171
49174
49191
49192
49200
49213
49219
49220
49230
49233
49241
49244
49251
49252
49258
49260
49265
49274
49278
49279
49284
49285
49292
49302
49308
49323
49345
49363
49366
49372
49373
49374
49376
49378
49380
49384
49388
49392
49396
49404
49414
49415
49422
49430
49431
49458
49463
49477
49490
49497
49503
49505
49516
49517
49524
49539
49542
49558
49562
49579
49587
49589
49592
49596
49609
49611
49616
49618
49626
49634
49641
49650
49681
49688
49692
49693
49696
49702
49705
49710
49714
49718
49723
49726
49743
49754
49768
49769
49784
49809
49821
49829
49830
49835
49838
49860
49865
49869
49885
49892
49896
49899
49904
49906
49907
49909
49911
49945
49956
49958
49969
49970
49972
49989
49993
49999
50001
50005
50008
50011
50012
50017
50023
50039
50047
50054
50055
50059
50065
50066
50084
50087
50088
50091
50096
50102
50109
50132
50149
50163
50171
50175
50180
50197
50211
50222
50224
50235
50237
50242
50246
50252
50261
50277
50282
50283
50284
50304
50307
50314
50318
50319
50322
50360
50365
50368
50378
50387
50394
50400
50410
50411
50420
50422
50429
50433
50437
50440
50454
50455
50464
50486
50500
50502
50523
50529
50544
50548
50554
50569
50580
50581
50583
50595
50597
50599
50605
50607
50620
50621
50626
50627
50630
50632
50634
50637
50638
50641
50643
50647
50648
50657
50659
50661
50663
50683
50685
50690
50691
50696
50703
50708
50710
50719
50729
50746
50747
50749
50751
50760
50766
50767
50776
50779
50781
50794
50798
50803
50812
50814
50817
50818
50819
50820
50821
50825
50829
50832
50844
50863
50873
50878
50884
50886
50888
50896
50898
50904
50912
50920
50921
50923
50925
50929
50951
50954
50963
50972
50974
50994
51006
51014
51029
51042
51050
51051
51063
51067
51083
51091
51093
51094
51096
51101
51111
51122
51130
51132
51133
51138
51158
51165
51168
51171
51179
51182
51188
51198
51200
51214
51223
51224
51229
51252
51256
51260
51268
51280
51288
51290
51291
51294
51296
51298
51303
51324
51346
51353
51358
51362
51363
51374
51375
51384
51388
51389
51393
51404
51406
51408
51409
51419
51422
51426
51435
51438
51439
51447
51453
51460
51482
51495
51503
51506
51512
51514
51515
51519
51524
51535
51536
51538
51540
51542
51568
51576
51586
51598
51603
51606
51607
51609
51618
51619
51633
51637
51642
51650
51663
51666
51669
51682
51688
51691
51699
51702
51708
51710
51714
51723
51732
51737
51738
51744
51748
51759
51762
51769
51776
51780
51787
51791
51792
51797
51800
51802
51810
51811
51813
51814
51817
51831
51848
51867
51873
51881
51883
51890
51894
51902
51906
51908
51911
51924
51942
51958
51991
52067
52082
52087
52090
52100
52109
52116
52117
52127
52130
52132
52144
52146
52159
52180
52181
52190
52191
52202
52210
52219
52221
52229
52254
52258
52259
52263
52264
52292
52300
52303
52308
52318
52323
52324
52330
52338
52352
52356
52367
52371
52372
52376
52383
52385
52389
52390
52397
52399
52400
52402
52403
52407
52414
52418
52430
52432
52434
52438
52454
52458
52467
52470
52475
52480
52487
52497
52498
52501
52507
52511
52515
52523
52534
52536
52537
52544
52551
52553
52561
52586
52588
52595
52598
52615
52616
52620
52621
52622
52630
52651
52661
52664
52673
52688
52704
52706
52724
52737
52739
52743
52746
52760
52762
52767
52771
52773
52778
52789
52796
52802
52815
52816
52835
52842
52856
52888
52889
52905
52915
52932
52934
52937
52947
52954
52962
52965
52969
52978
52986
53005
53007
53016
53023
53054
53064
53069
53083
53088
53100
53101
53110
53118
53129
53133
53141
53144
53149
53155
53162
53166
53196
53205
53208
53219
53223
53250
53257
53264
53288
53311
53323
53325
53330
53335
53336
53337
53349
53358
53360
53369
53371
53375
53379
53380
53384
53387
53395
53396
53407
53415
53419
53430
53431
53433
53434
53442
53444
53446
53456
53466
53473
53501
53506
53511
53516
53522
53540
53547
53552
53576
53588
53589
53591
53600
53618
53619
53620
53632
53647
53648
53655
53663
53664
53679
53683
53686
53687
53688
53694
53696
53707
53717
53723
53729
53754
53763
53784
53794
53816
53831
53833
53835
53836
53839
53848
53851
53854
53855
53888
53889
53896
53919
53920
53926
53942
53960
53962
53963
53974
53981
53984
53990
53997
54000
54002
54015
54016
54022
54030
54038
54040
54068
54072
54096
54103
54106
54111
54136
54137
54142
54144
54145
54146
54162
54164
54171
54172
54188
54203
54216
54220
54224
54244
54245
54250
54252
54260
54280
54304
54305
54314
54316
54322
54330
54335
54336
54341
54362
54371
54403
54404
54408
54415
54419
54421
54427
54435
54440
54442
54459
54461
54462
54472
54475
54478
54482
54485
54488
54496
54497
54510
54536
54550
54560
54566
54567
54578
54610
54621
54622
54626
54639
54648
54650
54651
54667
54687
54710
54717
54725
54726
54727
54759
54765
54766
54767
54771
54778
54781
54784
54811
54813
54823
54825
54831
54832
54834
54841
54849
54852
54857
54878
54881
54889
54891
54897
54904
54906
54919
54920
54923
54926
54927
54932
54934
54936
54947
54949
54952
54961
54973
54977
54978
54983
54989
54990
54995
54996
55008
55011
55012
55018
55025
55028
55030
55036
55039
55049
55052
55059
55060
55064
55086
55093
55097
55100
55119
55131
55141
55160
55170
55171
55172
55174
55180
55187
55192
55195
55206
55216
55244
55246
55249
55255
55260
55272
55274
55275
55280
55297
55304
55317
55343
55355
55356
55397
55405
55408
55416
55422
55443
55453
55460
55462
55464
55471
55486
55491
55496
55504
55506
55510
55512
55527
55546
55553
55555
55561
55565
55574
55592
55595
55606
55615
55626
55630
55632
55637
55644
55645
55651
55653
55655
55660
55662
55671
55673
55677
55686
55688
55691
55696
55715
55722
55724
55733
55738
55742
55750
55756
55758
55760
55763
55770
55773
55783
55789
55794
55797
55805
55810
55827
55840
55843
55855
55866
55867
55870
55879
55901
55940
55961
55973
55980
56012
56013
56016
56017
56018
56020
56026
56031
56035
56048
56056
56057
56062
56065
56069
56075
56076
56082
56088
56092
56093
56096
56102
56104
56108
56110
56119
56134
56136
56138
56144
56146
56192
56196
56197
56203
56207
56209
56210
56212
56217
56256
56271
56275
56300
56307
56308
56311
56315
56325
56328
56329
56335
56368
56369
56370
56377
56378
56382
56384
56390
56391
56395
56401
56403
56409
56430
56432
56433
56435
56436
56459
56460
56462
56463
56467
56485
56488
56492
56498
56505
56506
56512
56513
56526
56529
56541
56548
56553
56567
56575
56581
56584
56611
56639
56652
56653
56654
56660
56663
56672
56673
56677
56679
56689
56690
56694
56695
56700
56715
56737
56741
56742
56748
56759
56768
56779
56787
56790
56810
56844
56849
56857
56859
56864
56867
56875
56888
56893
56897
56907
56912
56918
56922
56923
56924
56928
56930
56952
56953
56961
56965
56973
56976
56978
56981
56987
56992
57005
57009
57011
57023
57028
57035
57042
57043
57054
57057
57064
57074
57079
57084
57093
57094
57104
57111
57114
57115
57123
57133
57145
57175
57197
57211
57214
57218
57222
57229
57234
57239
57246
57249
57250
57253
57256
57259
57262
57268
57270
57271
57272
57282
57285
57299
57319
57331
57333
57335
57344
57345
57348
57360
57373
57376
57380
57398
57407
57408
57427
57432
57436
57437
57451
57460
57464
57465
57477
57478
57482
57494
57506
57526
57527
57531
57540
57541
57544
57547
57555
57561
57566
57567
57570
57572
57573
57576
57577
57590
57594
57599
57601
57604
57615
57624
57630
57635
57647
57652
57659
57661
57688
57690
57693
57705
57717
57739
57744
57748
57758
57761
57769
57771
57777
57780
57788
57790
57800
57811
57818
57827
57834
57858
57893
57895
57904
57910
57911
57921
57934
57937
57939
57949
57951
57970
57972
57977
57994
58011
58013
58018
58021
58039
58046
58049
58051
58052
58059
58073
58081
58089
58092
58095
58107
58114
58116
58118
58124
58138
58141
58142
58147
58157
58161
58162
58172
58175
58178
58180
58185
58191
58199
58208
58217
58222
58223
58228
58255
58261
58262
58263
58269
58272
58279
58285
58289
58294
58302
58304
58307
58316
58324
58335
58340
58341
58354
58361
58387
58402
58415
58422
58423
58432
58457
58463
58464
58476
58480
58483
58486
58500
58507
58508
58514
58527
58532
58535
58536
58541
58543
58544
58546
58550
58551
58558
58561
58575
58581
58585
58586
58596
58597
58598
58605
58609
58614
58616
58642
58646
58651
58658
58660
58661
58662
58665
58674
58675
58689
58704
58734
58741
58751
58754
58757
58788
58791
58792
58818
58829
58830
58837
58840
58846
58848
58849
58852
58854
58856
58859
58873
58875
58883
58889
58890
58910
58916
58922
58924
58935
58938
58941
58953
58960
58968
58976
58980
58981
58987
58990
58997
59025
59033
59035
59038
59044
59051
59057
59068
59081
59086
59096
59098
59102
59105
59108
59124
59135
59148
59168
59172
59184
59187
59194
59200
59222
59224
59226
59242
59248
59256
59258
59271
59291
59302
59308
59320
59325
59333
59341
59345
59346
59347
59358
59362
59364
59369
59371
59372
59382
59384
59391
59404
59407
59410
59411
59419
59423
59426
59434
59437
59440
59441
59464
59465
59467
59468
59472
59494
59506
59530
59535
59550
59552
59553
59554
59555
59556
59559
59572
59593
59599
59600
59605
59607
59613
59627
59639
59645
59652
59662
59667
59673
59676
59683
59700
59701
59707
59709
59715
59723
59736
59743
59748
59757
59813
59816
59824
59825
59827
59838
59840
59841
59862
59881
59898
59910
59912
59923
59928
59941
59954
59955
59956
59959
59967
59975
59978
59984
59985
59988
59998
60005
60007
60010
60012
60030
60036
60043
60049
60064
60082
60083
60090
60101
60104
60106
60118
60124
60158
60160
60165
60193
60194
60215
60218
60242
60245
60253
60257
60262
60270
60277
60284
60297
60303
60318
60322
60329
60336
60337
60341
60350
60364
60377
60378
60379
60391
60392
60399
60412
60429
60430
60431
60432
60457
60470
60487
60491
60494
60496
60497
60501
60507
60514
60515
60520
60524
60534
60539
60573
60576
60588
60596
60600
60622
60623
60627
60630
60633
60636
60640
60650
60652
60654
60676
60698
60711
60714
60717
60735
60737
60738
60741
60751
60760
60766
60774
60780
60785
60795
60804
60817
60821
60825
60837
60847
60857
60858
60862
60864
60865
60868
60871
60876
60877
60881
60883
60884
60888
60894
60900
60904
60941
60953
60958
60961
60966
60970
60975
60978
60980
60982
60983
60999
61000
61003
61005
61010
61012
61014
61020
61021
61029
61032
61035
61050
61066
61086
61088
61097
61100
61101
61128
61132
61137
61138
61154
61156
61176
61183
61184
61188
61190
61191
61198
61202
61221
61230
61235
61239
61245
61257
61259
61272
61278
61282
61302
61304
61324
61333
61341
61349
61351
61359
61365
61371
61377
61387
61388
61390
61394
61395
61402
61410
61412
61417
61418
61420
61421
61423
61424
61438
61448
61450
61455
61464
61472
61487
61489
61491
61493
61518
61520
61522
61546
61557
61559
61561
61562
61570
61571
61580
61605
61610
61612
61613
61618
61626
61639
61658
61661
61663
61675
61683
61694
61696
61715
61723
61724
61725
61727
61732
61740
61745
61755
61762
61763
61764
61766
61769
61775
61776
61790
61799
61800
61814
61819
61840
61844
61846
61868
61869
61871
61876
61878
61883
61884
61886
61903
61920
61935
61938
61939
61946
61961
61971
61972
61979
61997
62004
62010
62014
62032
62047
62053
62056
62058
62070
62076
62079
62084
62087
62098
62099
62115
62118
62122
62131
62138
62149
62152
62160
62162
62164
62166
62168
62178
62185
62233
62249
62273
62285
62287
62297
62307
62309
62316
62317
62324
62329
62352
62361
62367
62371
62374
62392
62404
62405
62406
62409
62411
62419
62424
62428
62431
62436
62440
62442
62445
62478
62483
62484
62491
62492
62499
62502
62508
62521
62528
62531
62542
62545
62552
62560
62590
62594
62626
62637
62641
62652
62660
62661
62669
62673
62701
62737
62750
62751
62758
62760
62764
62773
62786
62794
62795
62803
62804
62805
62808
62813
62816
62818
62825
62827
62835
62836
62841
62842
62845
62850
62853
62855
62857
62858
62861
62871
62872
62885
62896
62897
62902
62912
62915
62920
62929
62933
62949
62950
62959
62963
62973
62976
62982
62993
62994
62995
63000
63017
63036
63058
63063
63080
63081
63083
63086
63097
63101
63105
63115
63129
63135
63136
63141
63147
63152
63163
63169
63176
63181
63182
63193
63200
63202
63212
63214
63218
63219
63225
63251
63253
63270
63273
63279
63281
63287
63288
63289
63296
63303
63309
63315
63320
63332
63340
63350
63360
63383
63397
63409
63424
63426
63430
63434
63440
63447
63452
63454
63456
63464
63467
63468
63472
63480
63500
63511
63516
63534
63541
63545
63548
63554
63559
63561
63565
63567
63571
63579
63582
63592
63617
63618
63637
63642
63649
63650
63663
63673
63681
63682
63685
63690
63692
63695
63697
63709
63716
63723
63724
63730
63731
63749
63777
63785
63786
63793
63805
63821
63823
63826
63835
63848
63850
63853
63856
63861
63874
63878
63879
63891
63896
63897
63902
63916
63917
63923
63924
63936
63937
63941
63948
63957
63963
63977
63983
63984
64006
64016
64028
64030
64036
64038
64054
64061
64064
64070
64074
64088
64089
64091
64113
64122
64134
64135
64136
64140
64142
64143
64145
64154
64160
64163
64178
64179
64192
64195
64201
64202
64206
64207
64211
64226
64230
64234
64235
64248
64253
64255
64266
64268
64270
64273
64274
64296
64307
64310
64315
64325
64334
64337
64352
64365
64420
64433
64434
64441
64442
64459
64460
64464
64465
64469
64477
64480
64485
64504
64511
64514
64518
64521
64529
64553
64571
64573
64586
64593
64597
64601
64604
64605
64607
64618
64629
64638
64640
64648
64654
64662
64663
64670
64697
64719
64723
64729
64730
64736
64745
64755
64757
64758
64794
64796
64797
64816
64833
64841
64860
64863
64868
64869
64870
64874
64875
64876
64880
64885
64888
64898
64899
64905
64907
64913
64932
64939
64946
64959
64973
64975
64977
64978
64986
64991
65002
65008
65016
65022
65037
65038
65062
65066
65072
65079
65084
65088
65091
65096
65109
65116
65118
65149
65151
65153
65156
65159
65163
65197
65202
65211
65217
65230
65236
65237
65239
65240
65256
65274
65275
65279
65285
65287
65288
65290
65292
65295
65296
65316
65325
65326
65328
65329
65339
65346
65363
65375
65376
65401
65407
65428
65446
65449
65473
65476
65477
65483
65491
65492
65501
65511
65515
65527
65535
65536
65540
65555
65557
65565
65576
65578
65580
65583
65590
65596
65606
65610
65614
65618
65627
65629
65655
65658
65671
65679
65684
65692
65693
65701
65707
65714
65721
65729
65745
65761
65764
65765
65766
65775
65778
65798
65809
65828
65829
65838
65849
65852
65858
65862
65866
65871
65877
65885
65893
65894
65895
65900
65920
65923
65927
65929
65946
65948
65950
65954
65955
65957
65973
65995
65999
66013
66031
66033
66045
66052
66056
66057
66067
66069
66072
66079
66083
66098
66103
66107
66112
66123
66126
66137
66143
66155
66166
66167
66182
66188
66197
66210
66212
66233
66238
66239
66244
66253
66254
66269
66272
66275
66288
66295
66302
66306
66307
66325
66341
66353
66360
66370
66382
66383
66411
66427
66443
66457
66461
66462
66476
66497
66499
66506
66507
66522
66524
66529
66540
66541
66544
66557
66565
66572
66581
66583
66592
66593
66605
66608
66618
66626
66633
66634
66644
66647
66665
66666
66667
66672
66673
66683
66684
66687
66688
66695
66705
66706
66720
66724
66728
66736
66742
66747
66750
66755
66762
66767
66774
66775
66782
66788
66802
66807
66811
66828
66831
66833
66858
66859
66861
66866
66891
66902
66910
66911
66921
66922
66924
66933
66944
66945
66955
66959
66973
66976
66985
66987
66993
67018
67020
67028
67033
67037
67042
67044
67051
67075
67077
67079
67087
67089
67108
67111
67113
67114
67123
67131
67138
67141
67143
67145
67146
67148
67149
67150
67151
67167
67172
67173
67186
67190
67196
67206
67216
67220
67231
67241
67247
67248
67251
67258
67262
67265
67273
67288
67295
67298
67301
67302
67309
67314
67315
67318
67322
67327
67331
67339
67342
67348
67354
67364
67374
67379
67386
67387
67401
67426
67430
67439
67444
67446
67451
67478
67488
67491
67497
67502
67504
67513
67516
67518
67527
67529
67532
67552
67555
67556
67558
67559
67571
67579
67592
67599
67606
67625
67639
67643
67646
67649
67650
67653
67659
67687
67704
67707
67710
67712
67717
67719
67730
67737
67738
67750
67755
67760
67764
67772
67776
67782
67783
67798
67799
67805
67815
67823
67846
67854
67855
67860
67861
67865
67867
67869
67881
67883
67889
67895
67900
67902
67911
67912
67915
67917
67921
67922
67940
67949
67954
67959
67965
67972
67980
67983
67985
67987
67988
68008
68015
68021
68028
68032
68043
68048
68053
68059
68078
68081
68082
68093
68095
68101
68106
68124
68126
68132
68133
68143
68159
68163
68164
68182
68199
68217
68219
68225
68238
68240
68255
68260
68267
68279
68280
68304
68305
68306
68310
68313
68314
68319
68323
68324
68344
68353
68361
68369
68377
68382
68388
68397
68413
68425
68449
68452
68454
68474
68483
68504
68511
68512
68515
68521
68523
68527
68528
68533
68542
68547
68549
68551
68563
68565
68566
68580
68588
68590
68592
68603
68610
68618
68623
68628
68641
68664
68677
68688
68704
68712
68725
68728
68734
68736
68745
68749
68774
68777
68781
68783
68784
68815
68820
68821
68845
68858
68877
68878
68884
68888
68890
68896
68900
68907
68913
68914
68923
68924
68930
68931
68936
68939
68946
68954
68966
68967
68968
68980
68986
68989
68991
69018
69019
69029
69034
69066
69068
69075
69085
69088
69102
69118
69119
69124
69135
69139
69142
69144
69150
69161
69168
69171
69172
69176
69188
69189
69192
69200
69206
69213
69219
69222
69225
69227
69229
69234
69238
69244
69248
69252
69255
69263
69269
69282
69289
69295
69297
69320
69326
69327
69331
69335
69337
69345
69355
69373
69374
69377
69383
69389
69395
69398
69408
69414
69416
69420
69421
69425
69435
69445
69451
69458
69460
69464
69466
69470
69482
69493
69498
69502
69505
69508
69519
69532
69550
69552
69559
69561
69599
69605
69606
69618
69628
69641
69650
69652
69655
69656
69663
69675
69677
69678
69679
69712
69738
69741
69745
69748
69750
69753
69755
69764
69767
69771
69775
69779
69781
69792
69793
69799
69802
69807
69815
69820
69822
69826
69833
69837
69842
69845
69848
69859
69864
69872
69890
69893
69898
69909
69910
69920
69924
69927
69931
69935
69937
69945
69962
69963
69971
69977
69979
69993
70004
70015
70022
70025
70030
70032
70046
70049
70061
70067
70069
70071
70081
70091
70096
70099
70101
70106
70107
70115
70127
70143
70146
70191
70211
70225
70228
70235
70248
70266
70274
70280
70298
70300
70301
70311
70316
70317
70323
70331
70335
70348
70352
70356
70359
70371
70375
70392
70398
70406
70412
70423
70431
70442
70447
70461
70475
70492
70494
70503
70505
70511
70518
70530
70539
70568
70577
70593
70594
70602
70603
70605
70609
70639
70660
70688
70721
70723
70736
70744
70750
70756
70757
70797
70798
70807
70813
70831
70835
70837
70841
70843
70844
70845
70855
70864
70873
70881
70886
70897
70926
70938
70943
70947
70950
70956
70960
70961
70962
70965
70967
70983
70985
70992
70998
71007
71012
71015
71020
71034
71041
71046
71055
71056
71058
71066
71073
71078
71082
71091
71098
71105
71124
71126
71132
71134
71142
71151
71155
71161
71178
71187
71195
71211
71226
71227
71229
71239
71245
71250
71253
71256
71268
71286
71287
71291
71316
71327
71334
71335
71343
71354
71372
71374
71379
71389
71405
71411
71447
71452
71453
71462
71467
71487
71498
71499
71501
71507
71517
71518
71523
71524
71538
71543
71565
71572
71589
71602
71603
71611
71617
71621
71623
71631
71636
71644
71646
71648
71658
71662
71663
71668
71669
71673
71678
71693
71694
71699
71709
71718
71720
71731
71743
71745
71751
71764
71768
71770
71784
71785
71793
71806
71828
71833
71835
71849
71851
71863
71864
71868
71869
71883
71895
71896
71898
71906
71914
71936
71954
71962
71964
71967
71993
72002
72005
72011
72022
72027
72028
72030
72072
72081
72087
72096
72104
72112
72130
72145
72150
72152
72153
72154
72167
72171
72172
72174
72175
72184
72189
72192
72194
72203
72207
72209
72213
72215
72222
72243
72260
72262
72264
72271
72298
72301
72302
72321
72339
72347
72349
72355
72356
72359
72378
72393
72396
72398
72403
72406
72422
72425
72429
72430
72438
72446
72453
72461
72472
72475
72487
72491
72500
72508
72520
72525
72542
72566
72567
72583
72584
72586
72587
72590
72605
72615
72632
72634
72635
72641
72647
72651
72655
72664
72665
72683
72689
72691
72692
72699
72700
72708
72714
72716
72724
72730
72732
72742
72747
72749
72750
72751
72761
72771
72780
72789
72804
72819
72825
72827
72832
72851
72853
72861
72862
72866
72868
72876
72886
72897
72899
72911
72920
72927
72933
72936
72938
72940
72947
72955
72957
72971
72977
72994
73011
73013
73017
73032
73039
73046
73057
73084
73123
73139
73141
73149
73166
73168
73177
73191
73192
73202
73215
73222
73233
73240
73242
73244
73248
73255
73278
73283
73287
73291
73302
73321
73322
73324
73347
73384
73387
73388
73393
73398
73405
73407
73413
73419
73423
73433
73448
73450
73454
73461
73481
73499
73502
73507
73527
73529
73539
73549
73561
73566
73572
73585
73590
73594
73608
73613
73615
73618
73626
73637
73655
73663
73666
73670
73671
73681
73683
73686
73691
73697
73698
73701
73717
73727
73747
73758
73760
73767
73779
73785
73787
73790
73793
73803
73804
73809
73814
73815
73820
73822
73823
73829
73838
73844
73851
73855
73864
73879
73897
73899
73901
73907
73925
73927
73933
73949
73952
73961
73964
73984
73985
73990
74018
74023
74029
74032
74034
74035
74046
74052
74061
74071
74079
74081
74085
74090
74112
74114
74125
74128
74134
74140
74146
74148
74154
74163
74164
74170
74175
74184
74187
74213
74215
74229
74271
74272
74273
74274
74275
74284
74301
74303
74306
74314
74317
74322
74342
74351
74353
74365
74371
74373
74388
74400
74404
74408
74409
74426
74427
74434
74438
74441
74446
74465
74470
74473
74477
74479
74483
74490
74505
74524
74529
74531
74532
74535
74541
74545
74558
74560
74562
74572
74577
74594
74600
74601
74606
74620
74622
74623
74628
74632
74633
74637
74638
74651
74670
74679
74680
74691
74701
74708
74709
74710
74716
74725
74739
74740
74752
74759
74770
74771
74785
74807
74808
74817
74818
74820
74824
74826
74831
74839
74846
74869
74880
74881
74884
74890
74902
74903
74906
74907
74937
74966
74974
74975
74982
74987
74991
74992
74994
75001
75008
75021
75024
75028
75045
75050
75058
75060
75075
75076
75077
75089
75102
75108
75112
75113
75114
75122
75124
75134
75161
75171
75176
75178
75179
75188
75192
75193
75206
75217
75218
75227
75236
75241
75259
75262
75265
75269
75288
75289
75291
75297
75300
75308
75309
75333
75336
75337
75339
75348
75350
75363
75364
75379
75389
75398
75402
75403
75427
75430
75431
75434
75437
75457
75460
75465
75483
75498
75503
75510
75513
75519
75522
75529
75532
75547
75567
75570
75577
75579
75583
75600
75615
75621
75623
75626
75654
75659
75661
75664
75669
75672
75684
75691
75697
75698
75703
75710
75723
75729
75766
75771
75778
75787
75795
75799
75812
75817
75818
75820
75821
75823
75825
75826
75840
75857
75859
75861
75883
75884
75897
75905
75906
75916
75934
75937
75938
75942
75949
75954
75955
75960
75965
75979
75983
75987
75989
75995
76004
76009
76018
76022
76026
76027
76041
76044
76065
76068
76079
76091
76097
76102
76105
76107
76108
76127
76130
76133
76146
76152
76176
76184
76194
76202
76216
76222
76226
76238
76249
76255
76262
76281
76299
76313
76315
76347
76363
76366
76375
76383
76399
76404
76405
76436
76439
76441
76450
76461
76477
76479
76499
76516
76517
76524
76526
76538
76541
76542
76571
76593
76598
76599
76603
76613
76616
76619
76626
76628
76633
76637
76638
76651
76652
76655
76656
76666
76674
76685
76689
76696
76700
76701
76705
76717
76723
76727
76729
76732
76741
76743
76757
76758
76789
76792
76797
76800
76801
76802
76803
76804
76829
76844
76862
76865
76868
76874
76882
76888
76889
76901
76902
76911
76915
76917
76932
76933
76937
76944
76953
76955
76956
76957
76959
76960
76961
76976
76987
77000
77003
77012
77024
77027
77041
77048
77072
77079
77080
77081
77090
77091
77098
77107
77119
77124
77139
77142
77146
77148
77152
77156
77160
77167
77169
77175
77177
77181
77186
77187
77189
77191
77211
77216
77219
77224
77235
77237
77248
77262
77313
77317
77337
77345
77352
77354
77355
77380
77381
77387
77389
77395
77410
77418
77421
77424
77429
77431
77460
77478
77481
77484
77501
77511
77515
77527
77539
77541
77545
77547
77557
77559
77560
77566
77567
77568
77569
77573
77602
77605
77610
77635
77647
77651
77654
77657
77659
77676
77678
77681
77689
77693
77696
77711
77716
77718
77746
77751
77758
77775
77780
77795
77799
77805
77811
77821
77826
77830
77833
77834
77847
77854
77863
77874
77875
77877
77889
77896
77905
77909
77912
77913
77917
77931
77934
77940
77948
77961
77970
78007
78011
78031
78032
78049
78066
78080
78083
78085
78098
78101
78110
78112
78114
78127
78130
78137
78153
78154
78189
78197
78203
78217
78221
78231
78232
78236
78239
78251
78253
78260
78291
78298
78319
78320
78343
78349
78350
78355
78359
78367
78370
78371
78381
78393
78414
78425
78444
78448
78452
78465
78472
78480
78489
78499
78502
78528
78551
78554
78557
78574
78598
78613
78620
78625
78629
78644
78653
78660
78668
78669
78688
78700
78708
78721
78734
78743
78744
78748
78765
78775
78781
78782
78786
78792
78805
78809
78820
78838
78842
78843
78844
78855
78859
78863
78866
78873
78874
78878
78881
78888
78892
78898
78900
78903
78912
78917
78934
78942
78943
78949
78960
78963
78965
78966
78975
78992
78998
78999
79002
79008
79014
79017
79021
79024
79026
79028
79032
79039
79062
79065
79069
79087
79088
79104
79109
79114
79119
79137
79153
79160
79164
79177
79179
79196
79202
79211
79227
79232
79237
79246
79261
79262
79276
79283
79288
79290
79295
79297
79299
79301
79302
79307
79312
79314
79316
79320
79322
79328
79336
79340
79359
79361
79376
79379
79381
79382
79391
79392
79396
79397
79404
79417
79418
79421
79425
79427
79443
79451
79460
79466
79476
79485
79496
79504
79508
79514
79529
79537
79539
79544
79553
79556
79559
79569
79570
79586
79594
79595
79625
79628
79629
79633
79637
79639
79641
79651
79654
79671
79675
79676
79678
79683
79692
79699
79705
79711
79720
79721
79732
79737
79745
79746
79748
79753
79757
79763
79766
79767
79775
79779
79788
79821
79826
79833
79840
79845
79856
79871
79881
79884
79897
79912
79921
79926
79927
79934
79940
79957
79970
79979
79980
79998
80000
80020
80028
80037
80045
80058
80063
80067
80073
80075
80076
80079
80094
80097
80117
80124
80137
80146
80150
80155
80156
80160
80165
80169
80171
80177
80179
80181
80182
80190
80193
80214
80216
80224
80228
80230
80231
80232
80233
80236
80238
80247
80251
80256
80257
80260
80263
80266
80274
80293
80295
80318
80322
80340
80341
80345
80347
80357
80363
80364
80371
80375
80377
80380
80391
80392
80397
80398
80401
80404
80414
80433
80435
80436
80437
80441
80454
80463
80479
80499
80501
80514
80527
80534
80535
80537
80538
80539
80540
80566
80567
80568
80569
80572
80576
80582
80584
80589
80593
80596
80602
80609
80611
80615
80618
80619
80626
80627
80637
80642
80650
80651
80660
80668
80670
80676
80679
80707
80708
80712
80718
80725
80726
80739
80751
80760
80761
80775
80778
80782
80783
80786
80802
80813
80814
80819
80827
80833
80836
80852
80859
80865
80866
80867
80871
80876
80877
80886
80890
80920
80924
80925
80939
80942
80950
80952
80955
80972
80973
80974
80975
80977
80981
80984
81019
81029
81039
81060
81086
81100
81101
81117
81119
81124
81134
81153
81156
81158
81180
81193
81201
81207
81217
81219
81220
81227
81243
81249
81253
81254
81267
81271
81275
81279
81286
81301
81312
81321
81347
81351
81362
81363
81374
81376
81405
81406
81407
81411
81430
81431
81433
81441
81443
81446
81466
81481
81482
81486
81487
81502
81509
81512
81513
81515
81537
81540
81545
81548
81558
81559
81561
81562
81575
81580
81581
81603
81617
81624
81625
81626
81631
81638
81657
81666
81667
81670
81671
81672
81673
81676
81687
81688
81690
81692
81699
81711
81712
81717
81719
81720
81734
81743
81753
81755
81763
81774
81776
81786
81789
81790
81797
81804
81807
81811
81818
81823
81838
81839
81852
81859
81862
81876
81908
81938
81940
81946
81947
81960
81961
81965
81985
81992
81997
82002
82004
82005
82022
82035
82040
82043
82064
82071
82076
82088
82094
82101
82111
82114
82118
82119
82124
82137
82146
82152
82153
82154
82155
82159
82162
82166
82170
82177
82178
82220
82221
82222
82224
82230
82234
82241
82254
82262
82266
82270
82288
82294
82295
82296
82299
82306
82308
82323
82327
82328
82345
82350
82356
82359
82378
82379
82380
82401
82408
82416
82421
82422
82449
82452
82454
82456
82459
82462
82466
82476
82481
82499
82514
82523
82532
82543
82546
82551
82557
82574
82589
82599
82602
82604
82609
82629
82636
82639
82644
82654
82659
82664
82668
82679
82684
82694
82697
82705
82711
82715
82716
82732
82735
82747
82753
82754
82762
82774
82779
82784
82809
82823
82852
82853
82863
82864
82867
82868
82870
82873
82877
82889
82894
82901
82904
82909
82915
82917
82919
82925
82929
82932
82935
82941
82951
82954
82961
82969
82992
83001
83005
83009
83023
83034
83040
83050
83053
83057
83067
83070
83071
83075
83077
83082
83084
83094
83103
83107
83119
83120
83122
83128
83138
83143
83145
83146
83149
83165
83183
83185
83186
83195
83202
83229
83237
83248
83250
83251
83261
83274
83280
83292
83299
83304
83305
83307
83311
83313
83318
83344
83359
83362
83380
83384
83388
83391
83399
83400
83404
83405
83409
83423
83430
83435
83440
83449
83450
83458
83459
83475
83481
83483
83484
83490
83494
83499
83501
83506
83521
83527
83535
83536
83552
83553
83556
83558
83565
83566
83568
83571
83574
83575
83580
83590
83598
83599
83603
83623
83628
83637
83645
83677
83686
83687
83700
83701
83707
83721
83723
83724
83745
83746
83750
83758
83765
83766
83767
83769
83771
83772
83783
83792
83797
83829
83839
83841
83852
83854
83865
83871
83872
83890
83926
83929
83957
83972
83976
83981
83991
83997
83998
84028
84030
84033
84038
84045
84058
84066
84070
84072
84092
84101
84104
84107
84108
84118
84119
84127
84132
84140
84146
84152
84164
84165
84171
84179
84202
84212
84216
84232
84246
84250
84256
84258
84259
84261
84276
84281
84282
84286
84293
84294
84300
84303
84313
84319
84323
84324
84325
84326
84330
84332
84345
84360
84372
84373
84376
84382
84395
84398
84400
84402
84409
84411
84415
84417
84422
84427
84460
84470
84483
84500
84518
84520
84524
84534
84535
84551
84560
84568
84570
84577
84589
84593
84601
84608
84624
84625
84633
84634
84636
84638
84642
84646
84651
84652
84661
84664
84673
84696
84699
84704
84709
84731
84734
84750
84755
84758
84789
84790
84802
84805
84813
84815
84817
84820
84826
84828
84831
84837
84847
84855
84860
84868
84878
84879
84886
84888
84896
84897
84899
84920
84922
84932
84938
84946
84977
84984
84991
84997
85007
85043
85067
85077
85081
85085
85090
85098
85099
85116
85121
85141
85148
85151
85153
85163
85164
85168
85187
85216
85220
85231
85232
85244
85250
85263
85270
85272
85282
85299
85301
85315
85324
85331
85338
85339
85341
85343
85369
85370
85388
85392
85394
85403
85416
85423
85428
85433
85435
85437
85446
85463
85475
85485
85489
85491
85494
85502
85515
85519
85523
85538
85548
85558
85561
85568
85580
85587
85593
85615
85627
85633
85635
85636
85643
85645
85659
85667
85668
85681
85688
85700
85702
85703
85717
85734
85758
85764
85775
85789
85798
85826
85835
85847
85867
85877
85882
85887
85900
85901
85913
85918
85924
85940
85941
85956
85963
85969
85985
85986
85993
85994
86008
86019
86036
86038
86049
86051
86067
86090
86099
86114
86117
86121
86137
86155
86156
86183
86194
86202
86204
86214
86215
86216
86219
86223
86224
86228
86232
86238
86244
86247
86266
86270
86278
86279
86323
86325
86326
86334
86344
86347
86348
86349
86353
86358
86360
86369
86374
86383
86407
86429
86433
86437
86443
86444
86467
86484
86489
86495
86501
86522
86528
86535
86537
86541
86543
86544
86549
86565
86578
86580
86582
86599
86611
86616
86621
86632
86635
86638
86648
86665
86668
86675
86680
86683
86703
86704
86707
86737
86757
86765
86779
86814
86817
86823
86831
86835
86838
86849
86851
86852
86859
86861
86862
86865
86867
86870
86897
86898
86906
86909
86917
86923
86925
86930
86957
86959
86966
86969
86985
86999
87002
87010
87015
87016
87041
87045
87048
87065
87066
87069
87074
87075
87090
87100
87106
87117
87128
87132
87133
87134
87147
87158
87164
87167
87179
87182
87194
87195
87209
87215
87220
87225
87234
87236
87238
87265
87275
87282
87284
87289
87291
87295
87305
87307
87308
87317
87321
87334
87337
87343
87349
87351
87357
87358
87374
87380
87412
87419
87420
87425
87428
87432
87440
87443
87444
87450
87453
87457
87458
87459
87476
87477
87484
87495
87502
87510
87517
87527
87534
87542
87544
87547
87551
87559
87564
87568
87569
87570
87592
87598
87608
87610
87613
87615
87619
87624
87635
87638
87641
87655
87658
87661
87668
87669
87674
87684
87687
87689
87705
87717
87724
87727
87731
87736
87742
87747
87758
87759
87763
87770
87780
87782
87798
87799
87818
87823
87832
87847
87855
87861
87862
87866
87878
87895
87898
87900
87905
87920
87926
87932
87949
87965
87971
88001
88006
88007
88040
88048
88070
88078
88081
88086
88088
88091
88094
88100
88102
88110
88118
88175
88184
88195
88210
88215
88223
88229
88232
88236
88238
88257
88261
88275
88284
88292
88293
88294
88307
88308
88326
88327
88331
88339
88344
88346
88352
88363
88370
88374
88379
88382
88385
88395
88397
88398
88412
88425
88426
88436
88442
88448
88449
88451
88477
88490
88504
88515
88525
88530
88531
88556
88561
88567
88578
88583
88585
88591
88603
88612
88616
88622
88629
88634
88648
88649
88665
88668
88672
88684
88698
88715
88720
88737
88742
88747
88758
88759
88761
88766
88777
88798
88802
88805
88810
88814
88818
88833
88835
88839
88841
88843
88853
88861
88880
88890
88909
88910
88919
88922
88925
88928
88931
88932
88945
88949
88966
88979
88987
89000
89007
89012
89015
89016
89036
89045
89060
89061
89063
89072
89074
89077
89084
89086
89088
89097
89104
89105
89108
89110
89121
89132
89138
89145
89156
89163
89185
89208
89225
89233
89236
89243
89260
89267
89274
89276
89297
89302
89303
89320
89323
89337
89339
89354
89356
89376
89377
89387
89390
89392
89396
89412
89425
89434
89441
89444
89452
89456
89457
89470
89471
89476
89485
89487
89490
89499
89501
89506
89512
89516
89518
89519
89521
89546
89558
89567
89579
89580
89581
89589
89598
89599
89605
89620
89631
89632
89638
89639
89642
89646
89648
89676
89684
89690
89706
89712
89721
89727
89730
89743
89751
89756
89782
89785
89803
89804
89805
89808
89821
89829
89839
89843
89849
89856
89857
89858
89867
89868
89877
89882
89886
89887
89890
89893
89907
89909
89915
89917
89924
89944
89957
89958
89962
89968
90004
90005
90007
90012
90015
90027
90028
90029
90032
90042
90048
90068
90074
90076
90096
90098
90111
90119
90132
90143
90146
90159
90169
90170
90171
90173
90193
90196
90206
90220
90221
90233
90237
90241
90250
90252
90262
90263
90285
90286
90289
90296
90299
90317
90323
90343
90344
90354
90359
90361
90364
90365
90366
90371
90374
90379
90419
90426
90431
90433
90438
90443
90448
90449
90456
90466
90467
90468
90472
90483
90492
90497
90500
90502
90515
90521
90524
90529
90537
90538
90544
90552
90556
90563
90566
90567
90575
90584
90590
90611
90622
90643
90650
90658
90662
90663
90665
90670
90678
90701
90710
90711
90722
90723
90734
90739
90746
90761
90763
90775
90786
90799
90800
90813
90815
90820
90833
90838
90854
90865
90873
90881
90886
90888
90890
90895
90901
90918
90924
90925
90926
90935
90937
90939
90968
90976
90979
90986
90998
91001
91014
91019
91029
91040
91044
91045
91047
91048
91049
91053
91054
91055
91056
91057
91068
91074
91077
91084
91102
91103
91113
91122
91136
91140
91141
91145
91153
91161
91162
91172
91177
91207
91211
91213
91219
91220
91228
91231
91235
91250
91259
91288
91289
91313
91322
91323
91324
91327
91330
91338
91344
91347
91349
91364
91366
91393
91397
91398
91400
91407
91412
91420
91421
91425
91436
91438
91446
91462
91468
91472
91475
91476
91486
91504
91527
91536
91560
91565
91567
91581
91583
91600
91601
91604
91620
91629
91635
91650
91656
91664
91666
91667
91680
91684
91685
91686
91694
91710
91712
91735
91741
91745
91750
91754
91755
91776
91778
91783
91786
91788
91792
91800
91807
91814
91816
91830
91833
91847
91849
91854
91856
91861
91866
91874
91875
91884
91890
91902
91903
91933
91945
91949
91951
91955
91956
91957
91958
91962
91963
91971
91978
91987
92015
92022
92045
92050
92057
92059
92070
92084
92085
92086
92097
92126
92130
92142
92148
92150
92152
92153
92158
92163
92166
92170
92204
92207
92210
92212
92231
92233
92240
92243
92246
92250
92255
92273
92282
92297
92298
92308
92324
92327
92340
92344
92345
92367
92371
92379
92382
92385
92392
92406
92433
92442
92471
92478
92488
92491
92504
92509
92515
92518
92522
92528
92529
92531
92543
92553
92558
92561
92571
92578
92589
92604
92612
92619
92625
92630
92632
92641
92643
92648
92660
92668
92683
92684
92692
92708
92713
92716
92718
92726
92727
92731
92735
92745
92746
92747
92752
92753
92772
92776
92786
92788
92795
92796
92799
92800
92809
92827
92838
92839
92842
92851
92861
92873
92874
92875
92877
92884
92895
92900
92909
92913
92914
92917
92919
92922
92926
92936
92945
92956
92960
92982
92997
93005
93006
93018
93029
93033
93038
93039
93042
93068
93070
93085
93090
93101
93119
93140
93141
93143
93144
93146
93155
93160
93165
93185
93189
93194
93197
93202
93213
93215
93244
93247
93252
93262
93283
93296
93300
93307
93310
93312
93316
93326
93335
93350
93355
93371
93375
93377
93380
93383
93410
93412
93416
93437
93438
93443
93453
93458
93468
93477
93484
93514
93522
93527
93538
93572
93595
93598
93606
93607
93626
93638
93645
93657
93660
93662
93668
93671
93673
93676
93692
93699
93702
93770
93777
93778
93783
93794
93798
93805
93817
93820
93823
93833
93835
93836
93838
93840
93844
93856
93876
93878
93879
93880
93885
93888
93889
93893
93894
93901
93910
93912
93950
93952
93954
93955
93957
93958
93961
93969
93970
93975
93983
93985
93989
93992
94003
94008
94011
94021
94023
94036
94050
94052
94065
94071
94081
94086
94088
94097
94099
94102
94109
94110
94113
94117
94130
94143
94160
94177
94183
94191
94194
94198
94217
94231
94250
94262
94268
94287
94306
94314
94329
94349
94355
94367
94368
94369
94371
94375
94381
94388
94403
94411
94419
94427
94428
94441
94446
94450
94454
94458
94475
94479
94488
94504
94510
94512
94516
94525
94526
94527
94530
94534
94560
94573
94577
94578
94589
94591
94594
94599
94622
94627
94636
94637
94640
94642
94649
94652
94660
94663
94664
94678
94682
94687
94689
94703
94727
94731
94740
94746
94753
94764
94793
94795
94799
94800
94806
94814
94816
94822
94824
94825
94830
94846
94852
94860
94863
94868
94881
94893
94911
94922
94925
94926
94929
94930
94942
94962
94963
94965
94967
94968
94972
94995
94999
95006
95014
95041
95042
95055
95065
95079
95090
95096
95113
95115
95126
95133
95137
95141
95143
95144
95151
95152
95158
95164
95169
95177
95185
95186
95196
95201
95221
95225
95236
95246
95254
95265
95271
95274
95277
95282
95284
95286
95287
95301
95304
95313
95315
95320
95324
95335
95336
95343
95353
95357
95369
95381
95393
95401
95402
95405
95408
95411
95420
95422
95424
95430
95431
95441
95462
95465
95469
95472
95475
95477
95499
95500
95502
95509
95512
95519
95528
95532
95551
95586
95603
95604
95610
95645
95666
95671
95672
95676
95687
95694
95710
95719
95722
95726
95741
95763
95764
95779
95796
95797
95805
95806
95813
95817
95822
95824
95826
95855
95860
95871
95880
95886
95892
95898
95899
95915
95924
95926
95935
95937
95939
95945
95946
95952
95965
95973
95974
95975
95986
95989
96005
96019
96022
96040
96046
96053
96055
96069
96072
96081
96096
96099
96101
96103
96118
96123
96125
96127
96147
96157
96158
96167
96180
96187
96189
96190
96214
96231
96236
96239
96253
96257
96272
96273
96284
96288
96296
96297
96321
96322
96324
96325
96348
96358
96365
96376
96393
96405
96414
96415
96425
96426
96432
96435
96442
96450
96474
96480
96481
96487
96500
96504
96511
96513
96515
96519
96522
96523
96524
96530
96532
96550
96555
96560
96572
96582
96585
96592
96598
96600
96608
96618
96620
96631
96632
96637
96661
96671
96684
96697
96709
96719
96720
96722
96723
96728
96731
96737
96738
96739
96744
96745
96747
96751
96762
96780
96783
96791
96816
96817
96826
96833
96855
96859
96865
96866
96878
96882
96883
96900
96907
96909
96917
96919
96921
96942
96948
96952
96954
96967
96973
96981
96982
96988
97001
97004
97007
97009
97010
97012
97014
97019
97025
97033
97042
97056
97058
97059
97060
97062
97065
97070
97077
97088
97092
97097
97101
97103
97109
97111
97120
97123
97126
97130
97131
97136
97139
97140
97141
97143
97149
97154
97158
97159
97162
97166
97169
97174
97178
97213
97218
97222
97230
97246
97290
97315
97328
97342
97357
97370
97376
97380
97381
97382
97394
97422
97439
97447
97453
97461
97464
97471
97472
97486
97491
97496
97503
97511
97521
97528
97533
97543
97560
97580
97584
97587
97613
97615
97620
97630
97632
97635
97641
97642
97643
97670
97684
97692
97693
97699
97705
97709
97713
97725
97726
97754
97755
97763
97767
97782
97788
97795
97801
97806
97811
97812
97831
97836
97862
97864
97865
97880
97903
97909
97913
97922
97933
97947
97959
97962
97965
97975
97989
98002
98030
98039
98044
98046
98051
98053
98064
98065
98077
98088
98093
98101
98114
98123
98125
98140
98153
98154
98177
98179
98182
98185
98190
98202
98203
98207
98226
98231
98237
98252
98254
98260
98264
98267
98280
98308
98312
98317
98328
98333
98340
98349
98351
98362
98372
98380
98423
98426
98433
98434
98439
98457
98463
98467
98470
98478
98483
98489
98492
98496
98501
98502
98506
98513
98515
98520
98523
98535
98553
98558
98569
98577
98579
98599
98601
98613
98625
98628
98630
98632
98665
98670
98680
98692
98695
98702
98706
98713
98715
98717
98721
98751
98754
98758
98762
98766
98768
98774
98783
98807
98822
98829
98848
98861
98862
98865
98869
98877
98890
98905
98917
98918
98926
98935
98958
98962
98971
98978
98981
98993
99000
99004
99012
99028
99030
99038
99049
99054
99055
99057
99070
99102
99109
99112
99113
99124
99126
99130
99144
99149
99161
99162
99171
99177
99185
99193
99194
99201
99202
99222
99229
99239
99252
99265
99267
99273
99294
99296
99303
99314
99318
99325
99328
99337
99338
99339
99340
99347
99358
99369
99385
99405
99407
99408
99426
99451
99453
99460
99462
99463
99464
99466
99492
99498
99508
99510
99517
99522
99533
99535
99544
99545
99547
99550
99560
99572
99574
99583
99612
99619
99620
99623
99624
99639
99641
99645
99647
99649
99654
99675
99677
99704
99712
99718
99724
99740
99753
99756
99786
99796
99803
99816
99841
99852
99867
99874
99879
99886
99890
99900
99915
99922
99924
99927
99941
99950
99963
99975
99989
